-1 -2
-1 -3
-1 -4
-1 -5
-1 -6
-1 -7
-1 -8
-1 -9
-2 -3
-2 -4
-2 -5
-2 -6
-2 -7
-2 -8
-2 -9
-3 -4
-3 -5
-3 -6
-3 -7
-3 -8
-3 -9
-4 -5
-4 -6
-4 -7
-4 -8
-4 -9
-5 -6
-5 -7
-5 -8
-5 -9
-6 -7
-6 -8
-6 -9
-7 -8
-7 -9
-8 -9
-10 -11
-10 -12
-10 -13
-10 -14
-10 -15
-10 -16
-10 -17
-10 -18
-11 -12
-11 -13
-11 -14
-11 -15
-11 -16
-11 -17
-11 -18
-12 -13
-12 -14
-12 -15
-12 -16
-12 -17
-12 -18
-13 -14
-13 -15
-13 -16
-13 -17
-13 -18
-14 -15
-14 -16
-14 -17
-14 -18
-15 -16
-15 -17
-15 -18
-16 -17
-16 -18
-17 -18
-19 -20
-19 -21
-19 -22
-19 -23
-19 -24
-19 -25
-19 -26
-19 -27
-20 -21
-20 -22
-20 -23
-20 -24
-20 -25
-20 -26
-20 -27
-21 -22
-21 -23
-21 -24
-21 -25
-21 -26
-21 -27
-22 -23
-22 -24
-22 -25
-22 -26
-22 -27
-23 -24
-23 -25
-23 -26
-23 -27
-24 -25
-24 -26
-24 -27
-25 -26
-25 -27
-26 -27
-28 -29
-28 -30
-28 -31
-28 -32
-28 -33
-28 -34
-28 -35
-28 -36
-29 -30
-29 -31
-29 -32
-29 -33
-29 -34
-29 -35
-29 -36
-30 -31
-30 -32
-30 -33
-30 -34
-30 -35
-30 -36
-31 -32
-31 -33
-31 -34
-31 -35
-31 -36
-32 -33
-32 -34
-32 -35
-32 -36
-33 -34
-33 -35
-33 -36
-34 -35
-34 -36
-35 -36
-37 -38
-37 -39
-37 -40
-37 -41
-37 -42
-37 -43
-37 -44
-37 -45
-38 -39
-38 -40
-38 -41
-38 -42
-38 -43
-38 -44
-38 -45
-39 -40
-39 -41
-39 -42
-39 -43
-39 -44
-39 -45
-40 -41
-40 -42
-40 -43
-40 -44
-40 -45
-41 -42
-41 -43
-41 -44
-41 -45
-42 -43
-42 -44
-42 -45
-43 -44
-43 -45
-44 -45
-46 -47
-46 -48
-46 -49
-46 -50
-46 -51
-46 -52
-46 -53
-46 -54
-47 -48
-47 -49
-47 -50
-47 -51
-47 -52
-47 -53
-47 -54
-48 -49
-48 -50
-48 -51
-48 -52
-48 -53
-48 -54
-49 -50
-49 -51
-49 -52
-49 -53
-49 -54
-50 -51
-50 -52
-50 -53
-50 -54
-51 -52
-51 -53
-51 -54
-52 -53
-52 -54
-53 -54
-1 11 13
-2 10 12 14
-3 11 14 15
-4 10 14 16 17
-5 11 12 13 15 17
-6 12 14 18
-7 13 17
-8 13 14 16 18
-9 17
-10 20 22
-11 19 21 23
-12 20 23 24
-13 19 23 25 26
-14 20 21 22 24 26
-15 21 23 27
-16 22 26
-17 22 23 25 27
-18 26
-19 29 31
-20 28 30 32
-21 29 32 33
-22 28 32 34 35
-23 29 30 31 33 35
-24 30 32 36
-25 31 35
-26 31 32 34 36
-27 35
-28 38 40
-29 37 39 41
-30 38 41 42
-31 37 41 43 44
-32 38 39 40 42 44
-33 39 41 45
-34 40 44
-35 40 41 43 45
-36 44
-37 47 49
-38 46 48 50
-39 47 50 51
-40 46 50 52 53
-41 47 48 49 51 53
-42 48 50 54
-43 49 53
-44 49 50 52 54
-45 53
-2 55
-3 57
-4 57
-7 56
-9 55
-9 56
-11 58
-12 60
-13 60
-16 59
-18 58
-18 59
-20 61
-21 63
-22 63
-25 62
-27 61
-27 62
-29 64
-30 66
-31 66
-34 65
-36 64
-36 65
-38 67
-39 69
-40 69
-43 68
-45 67
-45 68
-47 70
-48 72
-49 72
-52 71
-54 70
-54 71
-55 58
-56 59
-57 60
-58 61
-59 62
-60 63
-61 64
-62 65
-63 66
-64 67
-65 68
-66 69
-67 70
-68 71
-69 72
55 -58 11 18
56 -59 16 18
57 -60 12 13
58 -61 20 27
59 -62 25 27
60 -63 21 22
61 -64 29 36
62 -65 34 36
63 -66 30 31
64 -67 38 45
65 -68 43 45
66 -69 39 40
67 -70 47 54
68 -71 52 54
69 -72 48 49
1
-55
-56
-57
70
71
72
0
1 At(START,0)
2 At(A,0)
3 At(B,0)
4 At(C,0)
5 At(D,0)
6 At(E,0)
7 At(F,0)
8 At(G,0)
9 At(H,0)
10 At(START,1)
11 At(A,1)
12 At(B,1)
13 At(C,1)
14 At(D,1)
15 At(E,1)
16 At(F,1)
17 At(G,1)
18 At(H,1)
19 At(START,2)
20 At(A,2)
21 At(B,2)
22 At(C,2)
23 At(D,2)
24 At(E,2)
25 At(F,2)
26 At(G,2)
27 At(H,2)
28 At(START,3)
29 At(A,3)
30 At(B,3)
31 At(C,3)
32 At(D,3)
33 At(E,3)
34 At(F,3)
35 At(G,3)
36 At(H,3)
37 At(START,4)
38 At(A,4)
39 At(B,4)
40 At(C,4)
41 At(D,4)
42 At(E,4)
43 At(F,4)
44 At(G,4)
45 At(H,4)
46 At(START,5)
47 At(A,5)
48 At(B,5)
49 At(C,5)
50 At(D,5)
51 At(E,5)
52 At(F,5)
53 At(G,5)
54 At(H,5)
55 Has(GOLD,0)
56 Has(WAND,0)
57 Has(RUBY,0)
58 Has(GOLD,1)
59 Has(WAND,1)
60 Has(RUBY,1)
61 Has(GOLD,2)
62 Has(WAND,2)
63 Has(RUBY,2)
64 Has(GOLD,3)
65 Has(WAND,3)
66 Has(RUBY,3)
67 Has(GOLD,4)
68 Has(WAND,4)
69 Has(RUBY,4)
70 Has(GOLD,5)
71 Has(WAND,5)
72 Has(RUBY,5)
